#    50000    -1.40832    -0.88714    -2.16683  100      12345
#       10       97       12       85  0.00     41      0      0
        1        1       -2    -2000         2112   0.93957000E+00   0.11737969E+01  -0.45097517E+00  -0.64796082E-02  -0.53998773E+00  -0.49735577E+00  -0.13423978E+00   0.13300729E+01  -0.92134938E+00   0.13446307E+01   0.13446307E+01  H
        2        1       -2    -2000         3122   0.11156800E+01   0.20998567E+01   0.12615619E+00   0.45277207E-01   0.17738915E+01   0.12375935E+01   0.85783666E+29   0.44119578E+29   0.83737619E+30   0.10000000E+31   0.10000000E+31  H
        3        1       -2    -2000        -3312   0.13213000E+01   0.19214092E+01  -0.14433811E+00   0.32989300E+00  -0.13477079E+01  -0.87008322E+00  -0.19677082E+01   0.25130787E+01  -0.26355859E+02   0.31691492E+02   0.31691492E+02  H
        4        1        0    -2000         2112   0.93800000E+00   0.42162779E+01   0.68822238E+00  -0.21023535E+00   0.40471356E+01   0.19444263E+01   0.15879978E+01   0.10290346E+00   0.31178679E+01   0.33408233E+01   0.33408233E+01  H
        5        1       -2    -2000        -2212   0.93827000E+00   0.30421318E+01   0.81224388E+00   0.91656690E+00   0.26219039E+01   0.13005474E+01   0.33203995E+01   0.31945919E+01   0.13615081E+02   0.14689088E+02   0.14689088E+02  H
        6        1        0    -2000        -3112   0.11890000E+01   0.18131073E+02   0.19678954E+01   0.41063555E+00  -0.17980013E+02  -0.27383377E+01   0.90878226E+00   0.12517260E+00  -0.12122185E+02   0.12190377E+02   0.12190377E+02  H
        7        1        0    -2000        -2112   0.93800000E+00   0.34831112E+01   0.21206514E+00   0.15640913E+00  -0.33440670E+01  -0.19469375E+01   0.37208376E+00  -0.53914207E+00  -0.38039591E+01   0.41229265E+01   0.41229265E+01  H
        8        1       -2    -2000         3312   0.13213000E+01   0.33600148E+01  -0.13121543E+01  -0.26186055E+00  -0.27845189E+01  -0.11840431E+01  -0.50662720E+02  -0.13653711E+02  -0.10085812E+03   0.12304441E+03   0.12304441E+03  H
        9        1       -2    -2000        -3122   0.11156800E+01   0.16708981E+01   0.35458020E+00  -0.75336312E+00   0.92405389E+00   0.62273333E+00   0.20760899E+30  -0.48256883E+30   0.52221159E+30   0.10000000E+31   0.10000000E+31  H
       10        1        0    -2000         2212   0.93800000E+00   0.78953996E+01   0.50798121E+00   0.76137164E+00   0.77858692E+01   0.24820100E+01   0.29398110E+00   0.83467422E+00   0.63220682E+01   0.65682518E+01   0.65682518E+01  H
       11        1        0    -2000        -2212   0.93800000E+00   0.10234459E+02   0.62213895E-01   0.16343917E+00   0.10189883E+02   0.30636482E+01  -0.18063756E+00   0.45641545E+00   0.13855919E+02   0.13942161E+02   0.13942161E+02  H
       12        1        0    -2000         3122   0.11160000E+01   0.14281910E+03   0.15396334E+01  -0.16914379E+01  -0.14279643E+03  -0.47205265E+01   0.92198651E+00  -0.33722485E+00  -0.14089239E+03   0.14090553E+03   0.14090553E+03  H
       13        1        0    -2000          211   0.13800000E+00   0.12839376E+03   0.37428552E+00   0.47333796E+00  -0.12839227E+03  -0.60278651E+01  -0.66179939E+00  -0.11334123E+01  -0.62336572E+02   0.62338925E+02   0.62338925E+02  H
       14        1        0    -2000         -211   0.13800000E+00   0.10960558E+01  -0.51870790E-01  -0.16351159E+00  -0.10737167E+01  -0.22880210E+01  -0.56866570E+00  -0.13414141E+01  -0.50876626E+01   0.51220338E+01   0.51220338E+01  H
       15        1        0    -2000         -321   0.49400000E+00   0.16175820E+01  -0.23760809E+00   0.65251075E+00   0.13748846E+01   0.12560189E+01   0.43332267E+00   0.13546980E+01   0.99086084E+00   0.11438043E+01   0.11438043E+01  H
       16        1        0    -2000          321   0.49400000E+00   0.44283927E+01   0.36684183E+00  -0.76795126E+00   0.43176734E+01   0.21846807E+01  -0.88320169E+00   0.13291701E+01   0.12024749E+01   0.12826375E+01   0.12826375E+01  H
       17        1       -2    -2000          321   0.49360000E+00   0.55729209E+01   0.66609756E-01  -0.61868157E+00   0.55160314E+01   0.26362971E+01  -0.81744169E+00  -0.21409142E+01   0.26578544E+02   0.26999491E+02   0.26999491E+02  H
       18        1        0    -2000         -321   0.49400000E+00   0.51435340E+02  -0.13387611E+00  -0.50823346E-01  -0.51432768E+02  -0.52983256E+01  -0.88005859E+00  -0.81877140E+00  -0.64667554E+02   0.64671538E+02   0.64671538E+02  H
       19        1       -2    -2000          311   0.49767000E+00   0.25626593E+02   0.38894604E+00   0.24910446E+00  -0.25617596E+02  -0.43237727E+01   0.71280557E+01   0.23722150E+00  -0.41105650E+03   0.41115500E+03   0.41115500E+03  H
       20        1        0    -2000          211   0.13800000E+00   0.86349464E+01   0.10191006E+01  -0.38893207E+00  -0.85646611E+01  -0.27500402E+01   0.11022353E+01  -0.27034707E+00  -0.13081371E+02   0.13112294E+02   0.13112294E+02  H
       21        1        0    -2000          111   0.13800000E+00   0.10831129E+01   0.25019987E-01  -0.14655807E+00  -0.10639475E+01  -0.23593742E+01  -0.72011771E+00  -0.12981726E+01  -0.46394365E+01   0.46848833E+01   0.46848833E+01  H
       22        1        0    -2000         -311   0.49400000E+00   0.22318170E+01  -0.75545644E+00   0.67957119E+00  -0.19246921E+01  -0.13025882E+01  -0.50844323E+00   0.80697536E+00  -0.70196593E+00   0.10876404E+01   0.10876404E+01  H
       23        1       -2    -2000         -211   0.13957000E+00   0.82015858E+00   0.31893360E+00   0.49533661E+00  -0.55326605E+00  -0.81910827E+00   0.12094926E+00   0.31703172E+01  -0.18827621E+01   0.42258049E+01   0.42258049E+01  H
       24        1        0    -2000          211   0.13800000E+00   0.13732858E+02  -0.38626163E+00   0.11093775E+00   0.13726283E+02   0.41685750E+01  -0.69416896E+00   0.44532312E+00   0.17522177E+02   0.17545276E+02   0.17545276E+02  H
       25        1        0    -2000          211   0.13800000E+00   0.39787724E+01   0.26366854E+00   0.35664018E+00  -0.39515658E+01  -0.28374962E+01   0.13380769E+00   0.12226355E+01  -0.11000695E+02   0.11065952E+02   0.11065952E+02  H
       26        1        0    -2000          111   0.13800000E+00   0.73060333E+01   0.47974093E-01  -0.62471120E+00  -0.72778097E+01  -0.31237542E+01  -0.89571458E+00  -0.85217449E+00  -0.84795536E+01   0.85640428E+01   0.85640428E+01  H
       27        1        0    -2000          321   0.49400000E+00   0.85209132E+01   0.95463653E+00  -0.36637189E+00  -0.84449018E+01  -0.27040362E+01   0.90453257E+00  -0.62810619E+00  -0.85709173E+01   0.86441822E+01   0.86441822E+01  H
       28        1        0    -2000          111   0.13800000E+00   0.25826581E+01  -0.51036016E+00  -0.44461724E-01  -0.25275748E+01  -0.22650771E+01  -0.14211353E+01   0.12037522E+00  -0.66295524E+01   0.67372818E+01   0.67372818E+01  H
       29        1        0    -2000         -321   0.49400000E+00   0.20903817E+01  -0.14377463E+01   0.74357958E+00  -0.12270430E+01  -0.67306854E+00  -0.93911485E+00  -0.36455678E+00  -0.96795386E+00   0.15417311E+01   0.15417311E+01  H
       30        1        0    -2000          221   0.54800000E+00   0.68191491E+00   0.65660431E-02  -0.31214113E+00  -0.25928506E+00  -0.40032945E+00   0.12719278E+01   0.57505220E+00   0.65254068E+00   0.11923119E+01   0.11923119E+01  H
       31        1       -2    -2000         -311   0.49767000E+00   0.11666895E+01  -0.61790103E+00   0.67175460E+00   0.52955933E+00   0.48960026E+00  -0.20845781E+01   0.22317058E+01   0.29807743E+01   0.51785113E+01   0.51785113E+01  H
       32        1        0    -2000          321   0.49400000E+00   0.33858018E+01  -0.33027824E-01   0.10709088E+01   0.31735912E+01   0.17155372E+01  -0.36005539E+00   0.11529935E+01   0.27599322E+01   0.30095225E+01   0.30095225E+01  H
       33        1        0    -2000          211   0.13800000E+00   0.31919767E+01   0.85948893E-01  -0.84680179E+00   0.30733062E+01   0.19832140E+01  -0.10078113E+01  -0.30210052E+00   0.95512989E+01   0.96212288E+01   0.96212288E+01  H
       34        1        0    -2000          211   0.13800000E+00   0.16650985E+01  -0.37458086E+00   0.15930530E+00   0.16086703E+01   0.20303637E+01   0.96943502E-02  -0.81682214E+00   0.11256831E+02   0.11312259E+02   0.11312259E+02  H
       35        1       -2    -2000          311   0.49767000E+00   0.73232605E+02  -0.10344908E+00   0.14687528E+00  -0.73230693E+02  -0.56233479E+01  -0.38120597E+00  -0.17524745E+00  -0.77643675E+03   0.77644690E+03   0.77644690E+03  H
       36        1        0    -2000         -211   0.13800000E+00   0.50468016E+02   0.45938308E+00  -0.59905546E-01  -0.50465701E+02  -0.53413964E+01   0.11070257E+01   0.32937080E+00  -0.11127245E+03   0.11128061E+03   0.11128061E+03  H
       37        1        0    -2000         -211   0.13800000E+00   0.20389591E+01  -0.17641416E+00   0.11207508E+00  -0.20235186E+01  -0.27862764E+01  -0.73715792E+00   0.33850691E+00  -0.29189994E+02   0.29223615E+02   0.29223615E+02  H
       38        1       -2    -2000          211   0.13957000E+00   0.15811256E+02   0.90587993E+00   0.21637732E-01  -0.15784653E+02  -0.35398673E+01   0.22508946E+01   0.24895743E+00  -0.68950703E+02   0.69019879E+02   0.69019879E+02  H
       39        1       -2    -2000          311   0.49767000E+00   0.20811411E+01  -0.49506670E+00   0.49446401E+00  -0.18957551E+01  -0.15329082E+01  -0.18546359E+02   0.16631249E+02  -0.85577367E+02   0.90292945E+02   0.90292945E+02  H
       40        1        0    -2000          211   0.13800000E+00   0.57694381E+01   0.11636751E+00   0.27446908E+00  -0.57600779E+01  -0.35580990E+01   0.70812068E+00  -0.43993095E+00  -0.64291013E+01   0.65904093E+01   0.65904093E+01  H
       41        1       -2    -2000          211   0.13957000E+00   0.75851434E+00  -0.12657567E+00  -0.62903741E+00  -0.37967717E+00  -0.55004471E+00   0.10850536E-01  -0.19352907E+00   0.20973589E+00   0.15454195E+01   0.15454195E+01  H
       42        1        0    -2000          111   0.13800000E+00   0.35882941E+00   0.24570050E+00  -0.15240503E+00   0.16161225E+00   0.48518617E+00   0.56097655E+00   0.10969097E+01   0.50659877E+00   0.14061292E+01   0.14061292E+01  H
       43        1        0    -2000          221   0.54800000E+00   0.55839386E+01   0.47307818E+00  -0.10945606E+00   0.55357278E+01   0.27204441E+01  -0.92104669E-01  -0.69474366E+00   0.23321311E+02   0.23354920E+02   0.23354920E+02  H
       44        1        0    -2000          111   0.13800000E+00   0.20748188E+01  -0.22223680E+00   0.28532420E+00  -0.20383891E+01  -0.23632865E+01  -0.28975143E+00  -0.10301651E+00  -0.19472643E+02   0.19539112E+02   0.19539112E+02  H
       45        1        0    -2000          221   0.54800000E+00   0.13335232E+02  -0.20171699E+00  -0.10377652E+01  -0.13281960E+02  -0.31069511E+01  -0.65213781E+00  -0.35516447E+00  -0.13655369E+02   0.13746006E+02   0.13746006E+02  H
       46        1        0    -2000          321   0.49400000E+00   0.39058727E+01   0.17526237E+00   0.36543183E+00  -0.38532516E+01  -0.24967542E+01   0.66728085E+00  -0.23179224E+00  -0.12095509E+02   0.12191223E+02   0.12191223E+02  H
       47        1       -2    -2000         -211   0.13957000E+00   0.31882080E+01  -0.36349500E+00   0.64363696E+00  -0.30981920E+01  -0.21230779E+01  -0.12020142E+01   0.49706094E+00  -0.11953949E+02   0.12142392E+02   0.12142392E+02  H
       48        1       -2    -2000         -211   0.13957000E+00   0.19515904E+01  -0.24503292E+00   0.47802700E+00  -0.18710089E+01  -0.19297085E+01  -0.62205684E+01   0.42720157E+01  -0.50894566E+02   0.51725231E+02   0.51725231E+02  H
       49        1       -2    -2000         -321   0.49360000E+00   0.31794303E+01  -0.38834479E+00   0.63027372E-01  -0.31161437E+01  -0.22999647E+01  -0.14438385E+03   0.42644970E+01  -0.97009218E+03   0.98951941E+03   0.98951941E+03  H
       50        1       -2    -2000          211   0.13957000E+00   0.47426227E+00  -0.14824041E+00   0.36885514E+00  -0.21775119E+00  -0.49621678E+00  -0.81161238E+00   0.91313644E+00  -0.29755149E+01   0.36161597E+01   0.36161597E+01  H
       51        1       -2    -2000          311   0.49767000E+00   0.54726290E+00  -0.18309283E+00   0.54736114E-01   0.12370216E+00   0.23001008E+00  -0.84401218E+00   0.83114404E+00   0.91645046E+00   0.38284936E+01   0.38284936E+01  H
       52        1        0    -2000          211   0.13800000E+00   0.23390563E+01   0.10206421E+01  -0.84478445E+00   0.19226985E+01   0.11629456E+01   0.85913204E+00  -0.57740013E+00   0.22588243E+01   0.28883018E+01   0.28883018E+01  H
       53        1       -2    -2000         -311   0.49767000E+00   0.14181181E+01  -0.39704695E+00  -0.40833217E+00   0.11995842E+01   0.12415554E+01  -0.12116878E+01  -0.21898767E+01   0.12891825E+02   0.14311345E+02   0.14311345E+02  H
       54        1        0    -2000          211   0.13800000E+00   0.22589488E+01   0.31116146E+00   0.25068741E+00   0.22190404E+01   0.23601706E+01  -0.23423936E-01   0.34316350E+00   0.13478932E+02   0.13592297E+02   0.13592297E+02  H
       55        1       -2    -2000           22   0.00000000E+00   0.80901971E+01   0.79353015E+00  -0.37280276E+00   0.80425504E+01   0.29123967E+01   0.26880406E+02  -0.88877648E+01   0.21886876E+03   0.22158254E+03   0.22158254E+03  H
       56        1        0    -2000          111   0.13800000E+00   0.20206084E+00   0.69208982E-01  -0.68121609E-01  -0.11114922E+00  -0.61849308E+00  -0.19761850E+00  -0.69603767E+00  -0.39722824E+01   0.43675263E+01   0.43675263E+01  H
       57        1        0    -2000          111   0.13800000E+00   0.73204563E+00  -0.37377052E+00   0.37885829E+00  -0.48333094E+00  -0.79325142E+00   0.26056541E-01  -0.73435336E-01  -0.35083621E+01   0.39644513E+01   0.39644513E+01  H
       58        1       -2    -2000         -211   0.13957000E+00   0.47739946E+00   0.25961484E+00  -0.36203183E+00   0.99817620E-01   0.21221554E+00   0.40596133E+02  -0.65889985E+02  -0.83914982E+01   0.89113452E+02   0.89113452E+02  H
       59        1        0    -2000         -321   0.49400000E+00   0.24847592E+01  -0.27917094E+00   0.10528957E+01   0.21779500E+01   0.13605630E+01  -0.66467251E-02   0.77266082E+00   0.15880316E+01   0.25729438E+01   0.25729438E+01  H
       60        1       -2    -2000          321   0.49360000E+00   0.75903850E+00   0.42781909E+00   0.33970600E+00   0.18457829E+00   0.24814465E+00   0.46274349E+01   0.59221780E+01   0.97537739E+01   0.15524619E+02   0.15524619E+02  H
       61        1        0    -2000          211   0.13800000E+00   0.40706796E+01   0.22921479E+01   0.23693651E-01   0.33610839E+01   0.11744115E+01   0.14634823E+01   0.63235154E-01   0.35173165E+01   0.39605865E+01   0.39605865E+01  H
       62        1        0    -2000          311   0.49400000E+00   0.27833480E+01   0.77160335E+00   0.39875633E+00   0.25978090E+01   0.16836969E+01   0.61151306E-01   0.61071257E+00   0.44789239E+01   0.48901712E+01   0.48901712E+01  H
       63        1        0    -2000          111   0.13800000E+00   0.11787625E+01   0.11006826E-01   0.38875478E-01   0.11699592E+01   0.27932511E+01   0.13815312E+00  -0.77565066E-01   0.65379031E+01   0.68269444E+01   0.68269444E+01  H
       64        1       -2    -2000          211   0.13957000E+00   0.33726802E+01   0.33509757E+00   0.46050744E+00   0.33213152E+01   0.24350043E+01   0.22227284E+01   0.98128277E+00   0.20230878E+02   0.20767291E+02   0.20767291E+02  H
       65        1       -2    -2000          211   0.13957000E+00   0.38160707E+01   0.43035534E+00  -0.17215542E+00   0.37852441E+01   0.27538486E+01   0.77671372E+00   0.45464632E+00   0.11447762E+02   0.11668284E+02   0.11668284E+02  H
       66        1       -2    -2000          111   0.13498000E+00   0.31132754E+00   0.13686775E+00   0.10512920E+00  -0.22117935E+00  -0.88807052E+00  -0.41023263E+00   0.11772103E+01  -0.75398473E+00   0.13070710E+01   0.13070710E+01  H
       67        1       -2    -2000         -211   0.13957000E+00   0.55614867E+00   0.48475258E+00  -0.14307223E+00   0.18538292E+00   0.34657365E+00   0.12422018E+01  -0.46058096E+00   0.11710616E+01   0.14615378E+01   0.14615378E+01  H
       68        1       -2    -2000         -211   0.13957000E+00   0.13640164E+01  -0.12851475E-01   0.55834700E-01  -0.13556468E+01  -0.28918294E+01  -0.21987199E+01   0.27048494E+01  -0.26385917E+02   0.31749792E+02   0.31749792E+02  H
       69        1       -2    -2000          321   0.49360000E+00   0.43877416E+01   0.10652029E+01   0.50712423E+00   0.41972376E+01   0.19040480E+01   0.32609707E+01   0.30269798E+01   0.14211028E+02   0.15188913E+02   0.15188913E+02  H
       70        1       -2    -2000          111   0.13498000E+00   0.69164047E+00  -0.35781577E+00  -0.19251632E+00  -0.54318715E+00  -0.10592080E+01  -0.51111628E+02  -0.13531975E+02  -0.10115865E+03   0.12346261E+03   0.12346261E+03  H
       71        1       -2    -2000          211   0.13957000E+00   0.24872755E+00   0.54299571E-01   0.17662292E+00  -0.90782765E-01  -0.38262941E+00   0.71672177E+00  -0.62947793E+00   0.10392333E+01   0.24616636E+01   0.24616636E+01  H
       72        1       -2    -2000         -211   0.13957000E+00   0.24688300E+01   0.73765274E-01   0.36460821E+00   0.24366496E+01   0.25133755E+01  -0.15688988E+01  -0.26860795E+00   0.56539802E+01   0.57258318E+01   0.57258318E+01  H
       73        1       -2    -2000          211   0.13957000E+00   0.39228162E+02   0.68417637E+00  -0.67279018E-01  -0.39221889E+02  -0.47169952E+01   0.74490124E+01  -0.50338786E-01  -0.42965679E+03   0.42975542E+03   0.42975542E+03  H
       74        1       -2    -2000          111   0.13498000E+00   0.47709706E+00  -0.34833841E+00   0.20754351E+00  -0.21210387E+00  -0.47791436E+00   0.29875619E+00   0.33923884E+01  -0.20131837E+01   0.44190450E+01   0.44190450E+01  H
       75        1       -2    -2000          111   0.13498000E+00   0.55251364E+00  -0.25150148E+00   0.47304069E+00  -0.55885320E-02  -0.10115085E-01  -0.16541526E+01   0.17126881E+01   0.18963570E+01   0.37744179E+01   0.37744179E+01  H
       76        1       -2    -2000          211   0.13957000E+00   0.10974457E+03  -0.27057577E-01  -0.22703884E+00  -0.10974424E+03  -0.67085255E+01  -0.25020899E+00  -0.52051414E-01  -0.76941679E+03   0.76942688E+03   0.76942688E+03  H
       77        1       -2    -2000          111   0.13498000E+00   0.18909162E+02   0.36347332E+00   0.35775954E+00  -0.18901801E+02  -0.42720831E+01   0.28780065E+01   0.62042149E-01  -0.80614733E+02   0.80693384E+02   0.80693384E+02  H
       78        1       -2    -2000          111   0.13498000E+00   0.38526980E+01  -0.74083379E+00   0.70992572E+00  -0.37110960E+01  -0.19890537E+01  -0.19173835E+02   0.17158428E+02  -0.87382300E+02   0.92236108E+02   0.92236108E+02  H
       79        1       -2    -2000          111   0.13498000E+00   0.25506809E+00  -0.15616979E+00   0.13944688E+00   0.54824199E-01   0.21834435E+00  -0.47927375E+00  -0.48113320E+00   0.15076527E+00   0.18399643E+01   0.18399643E+01  H
       80        1       -2    -2000          111   0.13498000E+00   0.47481210E+00   0.58587261E-01  -0.13180617E+00  -0.43176567E+00  -0.15236988E+01  -0.14532774E+01   0.90109287E+00  -0.13331987E+02   0.13547742E+02   0.13547742E+02  H
       81        1       -2    -2000          111   0.13498000E+00   0.59338801E+01  -0.77646999E+00   0.23617207E+00  -0.58765662E+01  -0.26640984E+01  -0.69031159E+01   0.43054885E+01  -0.53130727E+02   0.54013738E+02   0.54013738E+02  H
       82        1       -2    -2000          321   0.49360000E+00   0.45247999E+01  -0.73250717E+00  -0.32035247E-01  -0.44376322E+01  -0.23164819E+01  -0.14438853E+03   0.41287306E+01  -0.96816374E+03   0.98762876E+03   0.98762876E+03  H
       83        1       -2    -2000          111   0.13498000E+00   0.14760416E+01  -0.76099264E-01   0.24798950E+00  -0.14467859E+01  -0.23021154E+01  -0.94030251E+00   0.80683930E+00  -0.23495367E+01   0.30630857E+01   0.30630857E+01  H
       84        1       -2    -2000          211   0.13957000E+00   0.45773055E+00   0.96589685E-01   0.39958701E+00  -0.14504523E+00  -0.32817400E+00  -0.64087664E+00   0.90870002E+00   0.75753091E+00   0.38494444E+01   0.38494444E+01  H
       85        1       -2    -2000         -211   0.13957000E+00   0.55079113E+00   0.13705119E+00   0.90229394E-01   0.50691884E+00   0.15912893E+01  -0.11178950E+01  -0.19309007E+01   0.12661677E+02   0.14057643E+02   0.14057643E+02  H
       86        1       -2    -2000          211   0.13957000E+00   0.50578927E+01   0.44688028E+00   0.24768814E+00   0.50300842E+01   0.29468795E+01   0.10322803E+01   0.33920588E+00   0.22948884E+02   0.23063414E+02   0.23063414E+02  H
       87        1       -2    -2000          211   0.13957000E+00   0.92935593E+00   0.35291564E+00  -0.84398076E+00  -0.85846964E-01  -0.92636618E-01   0.40569007E+02  -0.65977635E+02  -0.86081113E+01   0.89191221E+02   0.89191221E+02  H
       88        1       -2    -2000          111   0.13498000E+00   0.31173451E+00   0.17007764E+00  -0.94779384E-01  -0.20260619E+00  -0.77518075E+00   0.40551667E+02  -0.65116840E+02  -0.84254187E+01   0.88511702E+02   0.88511702E+02  H
       89        1       -2    -2000          111   0.13498000E+00   0.75044042E+00   0.18053669E+00   0.31431834E+00   0.64307986E+00   0.12816978E+01   0.45508739E+01   0.59723180E+01   0.10219680E+02   0.15770947E+02   0.15770947E+02  H
       90        1       -2    -2000          111   0.13498000E+00   0.70952781E+00   0.24839946E+00  -0.64988096E-01   0.64752172E+00   0.15429177E+01   0.65878933E+00   0.49003543E+00   0.91190786E+01   0.94027583E+01   0.94027583E+01  H
       91        1       -2    -2000         -211   0.13957000E+00   0.61790427E+00   0.27583574E+00   0.11537255E+00   0.52242676E+00   0.12400916E+01   0.36082160E+00   0.55155811E+00   0.11577130E+02   0.11726487E+02   0.11726487E+02  H
       92        1       -2    -2000           22   0.00000000E+00   0.11658086E+00   0.63977952E-01   0.52511084E-01   0.82100576E-01   0.87565752E+00   0.85783666E+29   0.44119578E+29   0.83737619E+30   0.10000000E+31   0.10000000E+31  H
       93        1       -2    -2000           22   0.00000000E+00   0.10424705E+00   0.13955898E-01  -0.10326661E+00   0.29474962E-02   0.28281682E-01   0.20760899E+30  -0.48256883E+30   0.52221159E+30   0.10000000E+31   0.10000000E+31  H
       94        1       -2    -2000          111   0.13498000E+00   0.48944800E+00   0.65271550E-01   0.10412359E+00   0.45413396E+00   0.16427012E+01  -0.61831499E+00  -0.20539496E+01   0.25727733E+02   0.26158570E+02   0.26158570E+02  H
       95        1       -2    -2000         -211   0.13957000E+00   0.68063554E+00   0.83988555E-01   0.42438139E+00   0.50658791E+00   0.96002182E+00  -0.21769562E+01   0.19193903E+01   0.30070613E+01   0.50346378E+01   0.50346378E+01  H
       96        1       -2    -2000          111   0.13498000E+00   0.14337275E+01   0.43010643E+00  -0.59142211E-01   0.13597299E+01   0.18155018E+01   0.26570371E+02  -0.90199335E+01   0.21901238E+03   0.22169049E+03   0.22169049E+03  H
       97        1       -2    -2000         -211   0.13957000E+00   0.22569850E+01   0.57807583E+00  -0.33131656E+00   0.21518734E+01   0.18681743E+01   0.25866744E+01   0.90130939E+00   0.21778714E+02   0.22329304E+02   0.22329304E+02  H
        1        1       -2    -2000          211   0.13957000E+00   0.12614092E+02  -0.52796951E+00   0.22972156E+00  -0.12600172E+02  -0.37508893E+01  -0.11069877E+00   0.14403842E+00  -0.52408444E+01   0.52508305E+01   0.52508305E+01  S
        2        1        0    -2000         -211   0.13957000E+00   0.15172541E+01  -0.11924245E+00  -0.30369156E-01  -0.15058018E+01  -0.27879181E+01   0.00000000E+00   0.00000000E+00   0.00000000E+00   0.00000000E+00   0.00000000E+00  S
        3        1        0    -2000         -321   0.49368000E+00   0.43146864E+02   0.14533274E+01   0.20726267E+00   0.43119057E+02   0.40199424E+01   0.00000000E+00   0.00000000E+00   0.00000000E+00   0.00000000E+00   0.00000000E+00  S
        4        1        0    -2000          321   0.49368000E+00   0.21929222E+02   0.52752523E+00   0.87314467E+00   0.21899918E+02   0.36551591E+01   0.00000000E+00   0.00000000E+00   0.00000000E+00   0.00000000E+00   0.00000000E+00  S
        5        1        0    -2000          211   0.13957000E+00   0.13347846E+01   0.23652059E+00  -0.32773881E+00   0.12644428E+01   0.18048012E+01   0.00000000E+00   0.00000000E+00   0.00000000E+00   0.00000000E+00   0.00000000E+00  S
        6        1       -2    -2000         -211   0.13957000E+00   0.55842766E+01   0.77434843E+00  -0.10427693E+01   0.54293354E+01   0.21319205E+01   0.30803231E+00  -0.37649751E+00   0.25842731E+01   0.27079881E+01   0.27079881E+01  S
        7        1        0    -2000          111   0.13498000E+00   0.84915101E+01  -0.18723127E+01  -0.56748759E-01  -0.82812287E+01  -0.21895318E+01  -0.14050422E+01   0.17380714E+00   0.00000000E+00   0.00000000E+00   0.00000000E+00  S
        8        1       -2    -2000         -211   0.13957000E+00   0.32549791E+01   0.64071241E-02   0.32766193E+00  -0.32354298E+01  -0.29025698E+01  -0.16934793E+01   0.54470818E+00  -0.74394053E+01   0.76227490E+01   0.76227490E+01  S
        9        1       -2    -2000         -321   0.49360000E+00   0.80363899E+03   0.76309252E+00  -0.87565320E+00  -0.80363800E+03  -0.71495752E+01   0.90405180E+01  -0.15294693E+02  -0.10206069E+05   0.10206087E+05   0.10206087E+05  S
       10        1        0    -2000          321   0.49368000E+00   0.10833646E+03  -0.29343187E+00  -0.10586073E+00  -0.10833489E+03  -0.59162760E+01   0.00000000E+00  -0.30000000E+00   0.00000000E+00   0.00000000E+00   0.00000000E+00  S
       11        1        0    -2000          321   0.49368000E+00   0.13639937E+03  -0.14336538E+00  -0.45842695E+00   0.13639763E+03   0.59815497E+01  -0.59245933E+00  -0.86883584E-01   0.00000000E+00   0.00000000E+00   0.00000000E+00  S
       12        1        0    -2000          221   0.54785000E+00   0.19363818E+03  -0.28124637E+01  -0.25256739E+01   0.19360050E+03   0.46189032E+01  -0.59245933E+00  -0.86883584E-01   0.00000000E+00   0.00000000E+00   0.00000000E+00  S
       13        1       -2    -2000         -211   0.13957000E+00   0.27398294E+02  -0.22867587E-01  -0.32956557E+00   0.27395947E+02   0.50290464E+01   0.20220030E+00  -0.29202209E-01   0.10175123E+03   0.10175460E+03   0.10175460E+03  S
       14        1        0    -2000          211   0.13957000E+00   0.30716947E+02  -0.47236606E+00   0.32313195E+00   0.30711298E+02   0.46470508E+01   0.00000000E+00   0.00000000E+00   0.00000000E+00   0.00000000E+00   0.00000000E+00  S
       15        1        0    -2000          311   0.49761000E+00   0.88310549E+02   0.40065779E+00  -0.73976850E-01   0.88308207E+02   0.56154034E+01   0.00000000E+00   0.00000000E+00   0.00000000E+00   0.00000000E+00   0.00000000E+00  S
       16        1       -2    -2000         -311   0.49767000E+00   0.13681713E+03  -0.97585194E-01  -0.35775226E+00   0.13681572E+03   0.60888031E+01   0.36583663E+00  -0.65569720E+00   0.22643977E+03   0.22644294E+03   0.22644294E+03  S
       17        1        0    -2000         2112   0.93957000E+00   0.10660713E+04   0.10205705E+01  -0.15914993E+00   0.10660703E+04   0.73310484E+01   0.14798718E+00   0.14249122E+00   0.00000000E+00   0.00000000E+00   0.00000000E+00  S
       18        1        0    -2000        -2212   0.93827000E+00   0.18483102E+03   0.73771156E+00   0.12625508E-01   0.18482717E+03   0.57355882E+01   0.14798718E+00   0.14249122E+00   0.00000000E+00   0.00000000E+00   0.00000000E+00  S
       19        1       -2    -2000         -211   0.13957000E+00   0.61117095E+02  -0.50544054E+00   0.41886298E+00   0.61113411E+02   0.52047226E+01  -0.70366912E+02   0.32479959E+02   0.85430531E+04   0.85436506E+04   0.85436506E+04  S
       20        1        0    -2000          211   0.13957000E+00   0.31566730E+02  -0.13370022E+00   0.13858767E+00   0.31565834E+02   0.55814450E+01   0.14798718E+00   0.14249122E+00   0.00000000E+00   0.00000000E+00   0.00000000E+00  S
       21        1        0    -2000         2112   0.93957000E+00   0.14205644E+01   0.38529528E+00  -0.80410915E+00  -0.58323878E+00  -0.43629461E+00   0.76569376E+00  -0.26263871E-02   0.00000000E+00   0.00000000E+00   0.00000000E+00  S
       22        1        0    -2000        -2112   0.93957000E+00   0.11736056E+01  -0.22986728E+00   0.50632562E+00   0.43052726E+00   0.38476857E+00   0.76569376E+00  -0.26263871E-02   0.00000000E+00   0.00000000E+00   0.00000000E+00  S
       23        1        0    -2000         -211   0.13957000E+00   0.28378196E+01   0.76632143E+00  -0.19389133E+00   0.27219291E+01   0.19353311E+01   0.76569376E+00  -0.26263871E-02   0.00000000E+00   0.00000000E+00   0.00000000E+00  S
       24        1        0    -2000          221   0.54785000E+00   0.24732902E+01   0.12116583E+01  -0.84173378E-02   0.20853868E+01   0.12320157E+01   0.76569376E+00  -0.26263871E-02   0.00000000E+00   0.00000000E+00   0.00000000E+00  S
       25        1       -2    -2000         -321   0.49360000E+00   0.69111413E+02  -0.15697264E+01   0.43025508E+00   0.69090481E+02   0.43976029E+01  -0.45813474E+01   0.18452259E+01   0.19762251E+03   0.19767454E+03   0.19767454E+03  S
       26        1       -2    -2000         -211   0.13957000E+00   0.18757945E+02  -0.98383996E+00   0.28237092E-01   0.18731585E+02   0.36299876E+01  -0.92032296E+00   0.60242562E-01   0.43178194E+01   0.43262748E+01   0.43262748E+01  S
       27        1        0    -2000          211   0.13957000E+00   0.81771332E+02  -0.10404267E+01   0.83103063E-01   0.81764551E+02   0.50453600E+01  -0.71610337E+00   0.61841078E-01   0.00000000E+00   0.00000000E+00   0.00000000E+00  S
       28        1        0    -2000          311   0.49761000E+00   0.30905379E+01  -0.40461148E+00   0.48311234E+00   0.29844097E+01   0.20236401E+01  -0.71610337E+00   0.61841078E-01   0.00000000E+00   0.00000000E+00   0.00000000E+00  S
       29        1        0    -2000          111   0.13498000E+00   0.18587708E+02  -0.24113200E+00   0.18297255E+00   0.18584753E+02   0.47199189E+01  -0.60000000E+00  -0.30000000E+00   0.00000000E+00   0.00000000E+00   0.00000000E+00  S
       30        1       -2    -2000          311   0.49767000E+00   0.41095604E+02  -0.13170468E+00   0.41908561E+00   0.41090242E+02   0.48187304E+01  -0.33081923E+00  -0.51001656E-01   0.38443996E+02   0.38450534E+02   0.38450534E+02  S
       31        1        0    -2000         -321   0.49368000E+00   0.94025549E+02   0.25039821E-01   0.19461899E+00   0.94024049E+02   0.58692338E+01  -0.60000000E+00  -0.30000000E+00   0.00000000E+00   0.00000000E+00   0.00000000E+00  S
       32        1        0    -2000          211   0.13957000E+00   0.37613289E+02   0.50512081E+00  -0.36583235E+00   0.37607859E+02   0.47681129E+01  -0.60000000E+00  -0.30000000E+00   0.00000000E+00   0.00000000E+00   0.00000000E+00  S
       33        1       -2    -2000         -211   0.13957000E+00   0.10294268E+03  -0.28032584E+00  -0.21322962E+00   0.10294199E+03   0.62979245E+01  -0.12159343E+01   0.33104770E+00   0.70735276E+03   0.70735596E+03   0.70735596E+03  S
       34        1       -2    -2000          211   0.13957000E+00   0.10465772E+03  -0.11742682E+00  -0.98489775E-01   0.10465752E+03   0.69174787E+01   0.82422917E+01  -0.12284218E+02   0.80442782E+04   0.80443256E+04   0.80443256E+04  S
       35        1        0    -2000          211   0.13957000E+00   0.93566055E+03  -0.51893129E+00   0.66322427E+00   0.93566016E+03   0.76926903E+01  -0.60000000E+00  -0.30000000E+00   0.00000000E+00   0.00000000E+00   0.00000000E+00  S
       36        1       -2    -2000         2212   0.93827000E+00   0.10015890E+04  -0.78255984E-01  -0.20375219E+00   0.10015885E+04   0.76398573E+01  -0.17042533E+00  -0.16255449E+01   0.59325174E+04   0.59325203E+04   0.59325203E+04  S
       37        1        0    -2000          111   0.13498000E+00   0.46720295E+03   0.50811698E-01   0.16926355E-01   0.46720292E+03   0.87694381E+01  -0.60000000E+00  -0.30000000E+00   0.00000000E+00   0.00000000E+00   0.00000000E+00  S
       38        1       -2    -2000         -311   0.49767000E+00   0.28072148E+02   0.82715666E+00   0.56527848E+00  -0.28049850E+02  -0.39153950E+01   0.45393857E+01   0.16317164E+01  -0.14191927E+03   0.14199295E+03   0.14199295E+03  S
       39        1        0    -2000         -211   0.13957000E+00   0.93405743E+02   0.22865721E+01  -0.12140847E+01  -0.93369754E+02  -0.42772224E+01   0.16181309E+01  -0.45908360E+00   0.00000000E+00   0.00000000E+00   0.00000000E+00  S
       40        1        0    -2000          321   0.49368000E+00   0.66439558E+02   0.12629226E+01   0.56226255E+00  -0.66423340E+02  -0.45054612E+01   0.16181309E+01  -0.45908360E+00   0.00000000E+00   0.00000000E+00   0.00000000E+00  S
       41        1        0    -2000         -311   0.49761000E+00   0.91693918E+02   0.21762956E+00   0.51285908E+00  -0.91690875E+02  -0.55032823E+01   0.16181309E+01  -0.45908360E+00   0.00000000E+00   0.00000000E+00   0.00000000E+00  S
       42        1        0    -2000          111   0.13498000E+00   0.46459400E+02   0.77227922E+00   0.38833709E+00  -0.46451161E+02  -0.46652892E+01   0.16181309E+01  -0.45908360E+00   0.00000000E+00   0.00000000E+00   0.00000000E+00  S
       43        1       -2    -2000          211   0.13957000E+00   0.36585570E+02   0.99361761E-01  -0.62490728E+00  -0.36579831E+02  -0.47266377E+01   0.17413472E+01  -0.17807340E+01  -0.11676064E+03   0.11678136E+03   0.11678136E+03  S
       44        1        0    -2000         -211   0.13957000E+00   0.43779676E+02   0.52927718E+00  -0.98534273E-01  -0.43776143E+02  -0.50589609E+01   0.16181309E+01  -0.45908360E+00   0.00000000E+00   0.00000000E+00   0.00000000E+00  S
       45        1        0    -2000          211   0.13957000E+00   0.21161891E+03   0.11385973E+01   0.22147908E+01  -0.21160421E+03  -0.51339195E+01   0.16181309E+01  -0.45908360E+00   0.00000000E+00   0.00000000E+00   0.00000000E+00  S
       46        1        0    -2000          221   0.54785000E+00   0.11769540E+03   0.91215495E+00  -0.51700210E+00  -0.11768946E+03  -0.52931796E+01   0.16181309E+01  -0.45908360E+00   0.00000000E+00   0.00000000E+00   0.00000000E+00  S
       47        1       -2    -2000         2112   0.93957000E+00   0.68491045E+02   0.79012811E-01  -0.56259293E+00  -0.68482244E+02  -0.48263198E+01   0.22894141E+01  -0.11650423E+01  -0.11637521E+03   0.11638636E+03   0.11638636E+03  S
       48        1       -2    -2000        -3122   0.11156800E+01   0.25872396E+03   0.19731647E+00  -0.16553421E+01  -0.25871618E+03  -0.55527764E+01   0.18046845E+01  -0.24591657E+01  -0.28688809E+03   0.28689856E+03   0.28689856E+03  S
       49        1       -2    -2000         -311   0.49767000E+00   0.35570350E+03  -0.46910100E+00  -0.17539070E+00  -0.35570280E+03  -0.69153265E+01  -0.28305436E+01  -0.31903120E+01  -0.28556991E+04   0.28557118E+04   0.28557118E+04  S
       50        1       -2    -2000          321   0.49360000E+00   0.85614337E+02  -0.96838629E-01   0.99509059E-01  -0.85612802E+02  -0.58109423E+01   0.14016004E+01  -0.91114091E+00  -0.20474566E+03   0.20474999E+03   0.20474999E+03  S
       51        1        0    -2000         -311   0.49761000E+00   0.28682573E+03  -0.11012735E+01   0.41096392E+00  -0.28682289E+03  -0.61079386E+01   0.16181309E+01  -0.45908360E+00   0.00000000E+00   0.00000000E+00   0.00000000E+00  S
       52        1        0    -2000          111   0.13498000E+00   0.97492486E+02   0.25791407E+00   0.16890463E-02  -0.97492052E+02  -0.65069915E+01   0.16181309E+01  -0.45908360E+00   0.00000000E+00   0.00000000E+00   0.00000000E+00  S
       53        1       -2    -2000         -211   0.13957000E+00   0.48212217E+02   0.10677082E+00   0.64555996E-02  -0.48211897E+02  -0.63069086E+01   0.80981497E+00   0.73978693E+01  -0.26628412E+04   0.26629309E+04   0.26629309E+04  S
       54        1        0    -2000         -311   0.49761000E+00   0.32519017E+01  -0.31701745E+00   0.62322826E-01   0.31973215E+01   0.23860219E+01  -0.22428119E-01  -0.67101727E-01   0.00000000E+00   0.00000000E+00   0.00000000E+00  S
       55        1       -2    -2000         -211   0.13957000E+00   0.10837204E+01   0.26250303E-01  -0.65922279E+00   0.84835519E+00   0.10526057E+01   0.13907247E+01  -0.25774943E+01   0.49288867E+01   0.62160211E+01   0.62160211E+01  S
       56        1       -2    -2000          321   0.49360000E+00   0.10056052E+01  -0.63459703E+00   0.48798577E+00   0.35602996E+00   0.37006145E+00  -0.10435075E+02   0.40315931E+01   0.50906158E+01   0.14056420E+02   0.14056420E+02  S
       57        1       -2    -2000         3122   0.11156800E+01   0.19879732E+01  -0.11979813E+01   0.47561408E+00   0.10227078E+01   0.56875894E+00  -0.60584810E+01   0.33977106E+01   0.53616244E+01   0.11087401E+02   0.11087401E+02  S
       58        1       -2    -2000          211   0.13957000E+00   0.49622633E+00  -0.75629071E-01   0.27612583E+00   0.38052043E+00   0.10125824E+01  -0.34259720E+02   0.17276368E+02   0.39088513E+02   0.67802024E+02   0.67802024E+02  S
       59        1        0    -2000        -2112   0.93957000E+00   0.11505641E+01  -0.34452916E+00   0.27591656E+00   0.49616101E+00   0.46141014E+00  -0.22428119E-01  -0.67101727E-01   0.00000000E+00   0.00000000E+00   0.00000000E+00  S
       60        1        0    -2000          111   0.13498000E+00   0.56738697E+00  -0.17487998E+00  -0.29317322E+00   0.43263705E+00   0.10021794E+01  -0.22428119E-01  -0.67101727E-01   0.00000000E+00   0.00000000E+00   0.00000000E+00  S
       61        1        0    -2000          311   0.49761000E+00   0.27562558E+01  -0.67863693E+00   0.17183950E+01   0.19839105E+01   0.90719789E+00  -0.22428119E-01  -0.67101727E-01   0.00000000E+00   0.00000000E+00   0.00000000E+00  S
       62        1        0    -2000          221   0.54785000E+00   0.85768611E+00   0.65561790E+00   0.65527593E-01  -0.36839376E-01  -0.42978492E-01  -0.22428119E-01  -0.67101727E-01   0.00000000E+00   0.00000000E+00   0.00000000E+00  S
       63        1        0    -2000         -311   0.49761000E+00   0.65383040E+00   0.12615011E+00   0.46642501E-01   0.40223016E+00   0.71722968E+00  -0.22428119E-01  -0.67101727E-01   0.00000000E+00   0.00000000E+00   0.00000000E+00  S
       64        1       -2    -2000         -211   0.13957000E+00   0.80000313E+00   0.56007105E+00   0.54543546E+00  -0.96674259E-01  -0.12143576E+00   0.15006338E+00   0.33460967E-01  -0.10489901E+00   0.28978462E+00   0.28978462E+00  S
       65        1       -2    -2000          211   0.13957000E+00   0.88912906E+00  -0.26536484E+00  -0.35892826E+00  -0.75618965E+00  -0.12578978E+01  -0.12234355E-01  -0.88658329E-01  -0.15530131E+00   0.17601314E+00   0.17601314E+00  S
       66        1        0    -2000         -211   0.13957000E+00   0.31195248E+00  -0.31596052E-01  -0.23228670E+00  -0.15125852E+00  -0.52934051E+00  -0.22428119E-01  -0.67101727E-01   0.00000000E+00   0.00000000E+00   0.00000000E+00  S
       67        1        0    -2000          211   0.13957000E+00   0.60413659E+01   0.80219787E+00   0.35269798E-01  -0.59861388E+01  -0.26917481E+01  -0.22428119E-01  -0.67101727E-01   0.00000000E+00   0.00000000E+00   0.00000000E+00  S
       68        1        0    -2000          111   0.13498000E+00   0.33747495E+00  -0.77494068E-02   0.23099219E+00  -0.20555363E+00  -0.70747815E+00  -0.22428119E-01  -0.67101727E-01   0.00000000E+00   0.00000000E+00   0.00000000E+00  S
       69        1        0    -2000          311   0.49761000E+00   0.27556753E+01  -0.10476566E+00  -0.25215496E+00  -0.26965854E+01  -0.22623626E+01  -0.22428119E-01  -0.67101727E-01   0.00000000E+00   0.00000000E+00   0.00000000E+00  S
       70        1        0    -2000         -321   0.49368000E+00   0.65726602E+01  -0.12964833E+00   0.15435426E+00  -0.65509929E+01  -0.32031841E+01  -0.22428119E-01  -0.67101727E-01   0.00000000E+00   0.00000000E+00   0.00000000E+00  S
       71        1       -2    -2000          211   0.13957000E+00   0.51075770E+01   0.87259508E+00   0.89091363E-01  -0.50297618E+01  -0.24348219E+01   0.56465151E+02  -0.59517572E+01  -0.45218642E+03   0.45670089E+03   0.45670089E+03  S
       72        1        0    -2000          211   0.13957000E+00   0.34859359E+02   0.20563399E+00  -0.47588180E-01  -0.34858440E+02  -0.56186593E+01  -0.22428119E-01  -0.67101727E-01   0.00000000E+00   0.00000000E+00   0.00000000E+00  S
       73        1        0    -2000          311   0.49761000E+00   0.49631283E+01   0.66542242E-02   0.18697337E+00  -0.49345743E+01  -0.29241304E+01  -0.22428119E-01  -0.67101727E-01   0.00000000E+00   0.00000000E+00   0.00000000E+00  S
       74        1       -2    -2000         -311   0.49767000E+00   0.23628267E+01  -0.33576299E-01  -0.18105500E+00  -0.23024701E+01  -0.21738143E+01  -0.50490200E+00   0.59000016E+00  -0.29381483E+02   0.29833037E+02   0.29833037E+02  S
       75        1       -2    -2000          211   0.13957000E+00   0.32871126E+01   0.29425069E+00   0.47079131E-01  -0.32706008E+01  -0.29921608E+01   0.25655566E+00  -0.18661914E+00  -0.29410579E+01   0.30642443E+01   0.30642443E+01  S
       76        1       -2    -2000         -211   0.13957000E+00   0.37125913E+00   0.14474875E+00   0.11587867E+00  -0.28978146E+00  -0.10467445E+01  -0.54267586E+00   0.23471633E+00  -0.35550811E+01   0.37581161E+01   0.37581161E+01  S
       77        1        0    -2000         -211   0.13957000E+00   0.22055565E+00   0.49733283E-01   0.94165266E-01   0.13350848E+00   0.70151395E+00   0.13066111E+00   0.20763039E+00   0.00000000E+00   0.00000000E+00   0.00000000E+00  S
       78        1        0    -2000          111   0.13498000E+00   0.96606077E+00  -0.29082387E-01  -0.93293726E-01  -0.95157990E+00  -0.24430112E+01   0.13066111E+00   0.20763039E+00   0.00000000E+00   0.00000000E+00   0.00000000E+00  S
       79        1       -2    -2000         -211   0.13957000E+00   0.29751723E+00   0.38061087E-01   0.84049562E-01  -0.24601535E+00  -0.11782385E+01   0.27041465E+02   0.28666697E+01  -0.17083788E+02   0.53094307E+02   0.53094307E+02  S
       80        1        0    -2000          111   0.13498000E+00   0.11388579E+01  -0.10349083E+01   0.13911647E+00  -0.43403818E+00  -0.40136589E+00   0.13066111E+00   0.20763039E+00   0.00000000E+00   0.00000000E+00   0.00000000E+00  S
       81        1        0    -2000          211   0.13957000E+00   0.10971723E+01  -0.53510106E+00   0.92712478E+00  -0.19599407E+00  -0.18057300E+00   0.13066111E+00   0.20763039E+00   0.00000000E+00   0.00000000E+00   0.00000000E+00  S
       82        1       -2    -2000         -211   0.13957000E+00   0.64021925E+00  -0.18240839E+00  -0.46912608E+00   0.37020121E+00   0.65981639E+00  -0.47477230E-01   0.17227073E+00   0.18056717E+00   0.31194866E+00   0.31194866E+00  S
       83        1        0    -2000          211   0.13957000E+00   0.92058068E+00  -0.84621480E+00   0.89687153E-01   0.32228207E+00   0.36554135E+00   0.13066111E+00   0.20763039E+00   0.00000000E+00   0.00000000E+00   0.00000000E+00  S
       84        1       -2    -2000         -211   0.13957000E+00   0.45054297E+00  -0.21697606E+00  -0.54351993E-01   0.36534442E+00   0.11296453E+01   0.10104648E+01  -0.23347758E+01   0.32932273E+01   0.54837999E+01   0.54837999E+01  S
       85        1       -2    -2000          211   0.13957000E+00   0.36793865E+00  -0.26203250E+00  -0.15990513E+00   0.14720113E+00   0.42373235E+00  -0.46142379E+00  -0.64969181E-01   0.18158007E+01   0.21221660E+01   0.21221660E+01  S
       86        1        0    -2000         -211   0.13957000E+00   0.49210928E+00   0.68663140E-01  -0.26612982E+00   0.38360402E+00   0.10441201E+01   0.13066111E+00   0.20763039E+00   0.00000000E+00   0.00000000E+00   0.00000000E+00  S
       87        1        0    -2000          111   0.13498000E+00   0.29478229E+00  -0.42419476E-01   0.20865088E+00   0.15278218E+00   0.57399639E+00   0.13066111E+00   0.20763039E+00   0.00000000E+00   0.00000000E+00   0.00000000E+00  S
       88        1       -2    -2000          211   0.13957000E+00   0.10537697E+01  -0.57829765E-01  -0.62455135E+00   0.83518972E+00   0.10783149E+01  -0.24074745E+01  -0.32105278E+01   0.75468837E+01   0.89526453E+01   0.89526453E+01  S
       89        1       -2    -2000         -211   0.13957000E+00   0.16762032E+01   0.62878681E+00  -0.17741103E+00   0.15373126E+01   0.15707170E+01   0.14132793E+00   0.19768052E+00   0.32317762E-01   0.39395298E-01   0.39395298E-01  S
       90        1        0    -2000          321   0.49368000E+00   0.70228673E+01   0.20066335E+00  -0.12550948E+00   0.70014946E+01   0.32432186E+01   0.13066111E+00   0.20763039E+00   0.00000000E+00   0.00000000E+00   0.00000000E+00  S
       91        1        0    -2000         -321   0.49368000E+00   0.12647302E+02  -0.38052092E+00   0.28720666E+00   0.12628668E+02   0.36062987E+01   0.13066111E+00   0.20763039E+00   0.00000000E+00   0.00000000E+00   0.00000000E+00  S
       92        1        0    -2000          211   0.13957000E+00   0.38628148E+02   0.34273890E+00  -0.28687092E-01   0.38626364E+02   0.53381804E+01   0.13066111E+00   0.20763039E+00   0.00000000E+00   0.00000000E+00   0.00000000E+00  S
       93        1       -2    -2000         -211   0.13957000E+00   0.59278799E+01   0.32719773E-01  -0.33668549E+00   0.59165744E+01   0.34771628E+01  -0.73046880E+00  -0.23042506E+01   0.13961852E+03   0.13967661E+03   0.13967661E+03  S
       94        1       -2    -2000         -211   0.13957000E+00   0.19474383E+02  -0.75969008E-03  -0.27272140E-01   0.19473864E+02   0.56126731E+01   0.74907974E+01   0.14500275E+01   0.89056747E+04   0.89057559E+04   0.89057559E+04  S
       95        1        0    -2000          211   0.13957000E+00   0.28212363E+02  -0.23622091E+00  -0.40147896E+00   0.28208172E+02   0.47538097E+01   0.13066111E+00   0.20763039E+00   0.00000000E+00   0.00000000E+00   0.00000000E+00  S
       96        1       -2    -2000          111   0.13498000E+00   0.30685602E+01   0.19734555E+00   0.20047791E+00  -0.30526554E+01  -0.29764498E+01  -0.11069877E+00   0.14403842E+00  -0.52408444E+01   0.52508305E+01   0.52508305E+01  S
       97        1       -2    -2000          111   0.13498000E+00   0.37266147E+00  -0.96749677E-01   0.21456316E+00   0.25545868E+00   0.83941283E+00   0.30803231E+00  -0.37649751E+00   0.25842731E+01   0.27079881E+01   0.27079881E+01  S
       98        1       -2    -2000          111   0.13498000E+00   0.47267704E+00  -0.14745784E+00  -0.14628490E+00  -0.40256810E+00  -0.12622256E+01  -0.16934793E+01   0.54470818E+00  -0.74394053E+01   0.76227490E+01   0.76227490E+01  S
       99        1       -2    -2000          111   0.13498000E+00   0.49437345E+03   0.38668260E+00  -0.10313752E+01  -0.49437221E+03  -0.67923296E+01   0.90405180E+01  -0.15294693E+02  -0.10206069E+05   0.10206087E+05   0.10206087E+05  S
      100        1       -2    -2000          111   0.13498000E+00   0.75291106E+02   0.22692545E+00   0.30009509E+00   0.75290045E+02   0.59315064E+01   0.20220030E+00  -0.29202209E-01   0.10175123E+03   0.10175460E+03   0.10175460E+03  S
      101        1       -2    -2000          111   0.13498000E+00   0.91334054E+02   0.46618163E+00  -0.30289141E+00   0.91332262E+02   0.57661183E+01   0.36583663E+00  -0.65569720E+00   0.22643977E+03   0.22644294E+03   0.22644294E+03  S
      102        1       -2    -2000          211   0.13957000E+00   0.17513705E+02  -0.27232117E+00   0.51428404E-01   0.17510956E+02   0.47262816E+01  -0.70366912E+02   0.32479959E+02   0.85430531E+04   0.85436506E+04   0.85436506E+04  S
      103        1       -2    -2000          111   0.13498000E+00   0.22591232E+02  -0.57672898E-01  -0.87168948E-01   0.22590587E+02   0.55784446E+01  -0.70366912E+02   0.32479959E+02   0.85430531E+04   0.85436506E+04   0.85436506E+04  S
      104        1       -2    -2000          211   0.13957000E+00   0.44326972E+02  -0.64839958E+00   0.59316600E+00   0.44318040E+02   0.46013960E+01  -0.45813474E+01   0.18452259E+01   0.19762251E+03   0.19767454E+03   0.19767454E+03  S
      105        1       -2    -2000          111   0.13498000E+00   0.93167261E+00   0.54401631E-01  -0.35512212E-01   0.91955077E+00   0.25142961E+01  -0.92032296E+00   0.60242562E-01   0.43178194E+01   0.43262748E+01   0.43262748E+01  S
      106        1       -2    -2000          211   0.13957000E+00   0.30946763E+02   0.63605190E+00   0.47447055E-01   0.30939874E+02   0.45516184E+01  -0.33081923E+00  -0.51001656E-01   0.38443996E+02   0.38450534E+02   0.38450534E+02  S
      107        1       -2    -2000          111   0.13498000E+00   0.19268711E+03   0.22904486E-01   0.47696742E+00   0.19268647E+03   0.66549332E+01  -0.12159343E+01   0.33104770E+00   0.70735276E+03   0.70735596E+03   0.70735596E+03  S
      108        1       -2    -2000         -211   0.13957000E+00   0.43171421E+02   0.18806625E+00  -0.18952111E+00   0.43170369E+02   0.56580437E+01   0.82422917E+01  -0.12284218E+02   0.80442782E+04   0.80443256E+04   0.80443256E+04  S
      109        1       -2    -2000          111   0.13498000E+00   0.12270125E+03   0.22672653E+00  -0.11501796E+00   0.12270092E+03   0.67482381E+01   0.82422917E+01  -0.12284218E+02   0.80442782E+04   0.80443256E+04   0.80443256E+04  S
      110        1       -2    -2000          111   0.13498000E+00   0.20576142E+03   0.16568040E+00  -0.66014628E-01   0.20576130E+03   0.75174551E+01  -0.51915680E+00  -0.13055086E+01   0.58116563E+04   0.58116592E+04   0.58116592E+04  S
      111        1       -2    -2000          111   0.13498000E+00   0.17071283E+02   0.10158994E+00   0.99443874E-01  -0.17070158E+02  -0.51599808E+01   0.40235395E+01   0.14384308E+01  -0.12292760E+03   0.12299767E+03   0.12299767E+03  S
      112        1       -2    -2000         -211   0.13957000E+00   0.81966457E+01  -0.52111930E-01   0.11809323E+00  -0.81944408E+01  -0.44568951E+01   0.18053518E+01  -0.22241842E+01  -0.12775703E+03   0.12778088E+03   0.12778088E+03  S
      113        1       -2    -2000          111   0.13498000E+00   0.68993928E+02   0.71396117E+00  -0.27134259E+00  -0.68989568E+02  -0.51812262E+01   0.19256015E+01  -0.12833903E+01  -0.11036645E+03   0.11037678E+03   0.11037678E+03  S
      114        1       -2    -2000          111   0.13498000E+00   0.22302831E+02  -0.14580909E-01  -0.30380558E+00  -0.22300349E+02  -0.48981352E+01   0.21590372E+01  -0.25470940E+01  -0.27511048E+03   0.27512223E+03   0.27512223E+03  S
      115        1       -2    -2000          111   0.13498000E+00   0.37991091E+02  -0.14420287E+00  -0.20114234E+00  -0.37990045E+02  -0.55966584E+01  -0.31470860E+01  -0.33828866E+01  -0.28697109E+04   0.28697241E+04   0.28697241E+04  S
      116        1       -2    -2000         -211   0.13957000E+00   0.63746341E+02  -0.61115679E-01  -0.42927506E+00  -0.63744713E+02  -0.56343775E+01   0.11877376E+01  -0.98378256E+00  -0.24845253E+03   0.24845633E+03   0.24845633E+03  S
      117        1       -2    -2000          211   0.13957000E+00   0.21259317E+02  -0.23329101E+00   0.77411020E-01  -0.21257437E+02  -0.50134070E+01   0.94116836E+00   0.69761452E+01  -0.26575340E+04   0.26576226E+04   0.26576226E+04  S
      118        1       -2    -2000          111   0.13498000E+00   0.30740033E+02   0.96101599E-01   0.21180668E+00  -0.30738857E+02  -0.54320406E+01   0.12216074E+01   0.74027528E+01  -0.26602001E+04   0.26602898E+04   0.26602898E+04  S
      119        1       -2    -2000          111   0.13498000E+00   0.68624578E+00   0.37613455E+00  -0.55593011E-01   0.55510899E+00   0.11238586E+01   0.11248064E+01  -0.20322451E+01   0.41205668E+01   0.52944203E+01   0.52944203E+01  S
      120        1       -2    -2000          111   0.13498000E+00   0.67094272E+00  -0.60734798E+00   0.87683709E-03   0.25114179E+00   0.39342812E+00  -0.10918679E+02   0.42103622E+01   0.54251520E+01   0.14587943E+02   0.14587943E+02  S
      121        1       -2    -2000          111   0.13498000E+00   0.28328107E+00  -0.38504166E-01   0.23415277E+00   0.75620964E-01   0.27357332E+00  -0.61716531E+01   0.32903441E+01   0.56603986E+01   0.11259942E+02   0.11259942E+02  S
      122        1       -2    -2000         -211   0.13957000E+00   0.16048641E+00  -0.22801599E-01   0.39048425E-01   0.65051122E-01   0.43001685E+00  -0.34408092E+02   0.17691635E+02   0.39298117E+02   0.68104009E+02   0.68104009E+02  S
      123        1       -2    -2000          111   0.13498000E+00   0.66598415E+00  -0.56947800E+00   0.23165992E-01   0.31697580E+00   0.51773611E+00  -0.33976262E+02   0.17297948E+02   0.38974453E+02   0.67598653E+02   0.67598653E+02  S
      124        1       -2    -2000          111   0.13498000E+00   0.42689571E+00   0.17022865E+00  -0.11967011E+00  -0.34745031E+00  -0.11384737E+01  -0.74013830E-01  -0.76728627E-01  -0.52682224E-01   0.99264276E-01   0.99264276E-01  S
      125        1       -2    -2000          111   0.13498000E+00   0.10110036E+01   0.37541062E+00   0.12621606E+00  -0.92035060E+00  -0.15294684E+01   0.17805497E+00  -0.10378609E-01  -0.24236806E+00   0.25426809E+00   0.25426809E+00  S
      126        1       -2    -2000         -211   0.13957000E+00   0.50762359E+01   0.51765881E+00  -0.23541394E+00  -0.50423507E+01  -0.28495757E+01   0.56543990E+02  -0.57318119E+01  -0.44983358E+03   0.45437822E+03   0.45437822E+03  S
      127        1       -2    -2000          111   0.13498000E+00   0.18931104E+01   0.10349437E+00  -0.92902865E-02  -0.18854309E+01  -0.30992748E+01   0.56469286E+02  -0.58958616E+01  -0.45027024E+03   0.45480344E+03   0.45480344E+03  S
      128        1       -2    -2000         -211   0.13957000E+00   0.26794563E+01  -0.73844515E-01   0.24568189E+00  -0.26634928E+01  -0.29066128E+01  -0.55785347E+00   0.81786953E+00  -0.31718112E+02   0.32138347E+02   0.32138347E+02  S
      129        1       -2    -2000          111   0.13498000E+00   0.13979429E+01  -0.10176507E+00  -0.64986428E+00  -0.12261097E+01  -0.13629755E+01   0.51530089E+00  -0.20614977E+00  -0.36124670E+01   0.37218053E+01   0.37218053E+01  S
      130        1       -2    -2000          211   0.13957000E+00   0.29785281E+01  -0.74492595E+00  -0.91735690E-01  -0.28790310E+01  -0.20376801E+01  -0.27174441E+00   0.20140230E-01  -0.33950317E+01   0.35566246E+01   0.35566246E+01  S
      131        1       -2    -2000          211   0.13957000E+00   0.34093951E+00   0.23542824E+00  -0.18379160E+00   0.86913524E-01   0.26067183E+00   0.27140273E+02   0.28862779E+01  -0.16684074E+02   0.53016756E+02   0.53016756E+02  S
      132        1       -2    -2000          111   0.13498000E+00   0.33547186E+00   0.22014556E+00   0.14851779E+00  -0.15427245E+00  -0.49714311E+00   0.26661890E+02   0.28232615E+01  -0.17273388E+02   0.52960752E+02   0.52960752E+02  S
      133        1       -2    -2000          111   0.13498000E+00   0.10052328E+01  -0.75722734E+00   0.28261261E+00   0.58224597E+00   0.66128061E+00   0.47165446E+00   0.53141654E+00   0.58361033E-01  -0.95948434E-01  -0.95948434E-01  S
      134        1       -2    -2000          111   0.13498000E+00   0.75461065E+00   0.41032714E+00  -0.50438284E+00   0.35839549E+00   0.51643118E+00   0.83845348E+00  -0.23032269E+01   0.32538699E+01   0.54179406E+01   0.54179406E+01  S
      135        1       -2    -2000          111   0.13498000E+00   0.13373250E+01  -0.21373654E+00  -0.59141898E-01   0.13118831E+01   0.23228109E+01  -0.40248540E+00  -0.52385506E-01   0.17105618E+01   0.20140596E+01   0.20140596E+01  S
      136        1       -2    -2000         -211   0.13957000E+00   0.19467211E+01  -0.79282971E+00  -0.52104883E+00   0.16941582E+01   0.13341603E+01  -0.22603005E+01  -0.26596015E+01   0.70711702E+01   0.82995584E+01   0.82995584E+01  S
      137        1       -2    -2000          211   0.13957000E+00   0.42998388E+00  -0.58507760E-01  -0.35453804E+00   0.19048892E+00   0.47597461E+00   0.32871397E+00  -0.10288942E-01   0.35887789E+00   0.41055063E+00   0.41055063E+00  S
      138        1       -2    -2000          111   0.13498000E+00   0.27656237E+02  -0.23977154E+00  -0.26727610E+00   0.27653577E+02   0.49711137E+01  -0.58769394E+00  -0.21031389E+01   0.13860794E+03   0.13866195E+03   0.13866195E+03  S
      139        1       -2    -2000          211   0.13957000E+00   0.74406783E+02   0.18169702E+00   0.26656392E+00   0.74405953E+02   0.60482437E+01   0.74780353E+01   0.14536785E+01   0.89065200E+04   0.89066012E+04   0.89066012E+04  S
      140        1       -2    -2000          111   0.13498000E+00   0.92340762E+02  -0.27034755E-01  -0.21331290E+00   0.92340413E+02   0.65895415E+01   0.77206805E+01   0.18125508E+01   0.88648448E+04   0.88649266E+04   0.88649266E+04  S
%       10      140   10000.00000000       1.00000000
